1000000001000000
1100010000000001
1000100100000001
0001100111110100
1000100100000010
0001100111110101
1000100100000010
0001100111110110
1000100100000010
0001100111110111
1000100100000010
0001100111111000
1000100100000010
0001100111111001
1000100100000010
0001100111111010
1000100100000010
0001100111111011
1000100100000010
0001100111111100
1000100100000010
0001100111111101
1000000010000010
0000000111110100
1000010000000010
0000000111110101
1000010000000010
0000000111110110
1000010000000010
0000000111110111
1000010000000010
0000000111111000
1000010000000010
0000000111111001
1000010000000010
0000000111111010
1000010000000010
0000000111111011
1000010000000010
0000000111111100
1000010000000010
0000000111111101
1000010000000010
0100101100011000